seiza x0 y0 z0 ly0 x1 y1 z1 ly1
end_header
And 0.87327 0.4862 -0.03196 2.07 0.84581 0.51297 -0.14657 3.27
And 0.84581 0.51297 -0.14657 3.27 0.77556 0.58242 -0.24352 2.07
And 0.63386 0.6734 -0.38047 2.1 0.77556 0.58242 -0.24352 2.07
And 0.77556 0.58242 -0.24352 2.07 0.75875 0.62251 -0.19182 3.86
And 0.75875 0.62251 -0.19182 3.86 0.73607 0.6571 -0.16255 4.53
Ant -0.78722 -0.51605 -0.33759 4.28 -0.69959 -0.58624 -0.40851 5.23
Aps -0.1413 -0.98177 0.12708 3.83 -0.071 -0.98128 0.17901 3.86
Aps -0.071 -0.98128 0.17901 3.86 -0.07118 -0.97635 0.2041 4.23
Aql 0.47918 0.11161 0.8706 3.71 0.45921 0.15415 0.87486 0.76
Aql 0.45921 0.15415 0.87486 0.76 0.43956 0.18418 0.87913 2.72
Aql 0.45921 0.15415 0.87486 0.76 0.36392 0.05434 0.92985 3.36
Aql 0.36392 0.05434 0.92985 3.36 0.47122 0.01756 0.88185 3.87
Aql 0.54204 -0.01433 0.84024 3.24 0.47122 0.01756 0.88185 3.87
Aql 0.36392 0.05434 0.92985 3.36 0.27335 0.23962 0.9316 2.99
Aql 0.27335 0.23962 0.9316 2.99 0.24839 0.25998 0.93313 4.02
Aql 0.36392 0.05434 0.92985 3.36 0.28403 -0.0851 0.95504 3.43
Aqr 0.79371 -0.09708 0.60051 2.9 0.87836 -0.00558 0.47799 2.95
Aqr 0.87836 -0.00558 0.47799 2.95 0.90907 -0.02421 0.41595 3.86
Aqr 0.90907 -0.02421 0.41595 3.86 0.92192 -0.00035 0.3874 3.65
Aqr 0.92192 -0.00035 0.3874 3.65 0.93257 -0.00204 0.361 4.04
Aqr 0.93257 -0.00204 0.361 4.04 0.94873 -0.1319 0.28728 3.73
Aqr 0.94873 -0.1319 0.28728 3.73 0.96922 -0.15794 0.18889 4.24
Aqr 0.96922 -0.15794 0.18889 4.24 0.92687 -0.34366 0.15107 3.96
Aqr 0.87836 -0.00558 0.47799 2.95 0.89209 -0.13542 0.4311 4.17
Aqr 0.89209 -0.13542 0.4311 4.17 0.85408 -0.23971 0.46163 4.29
Aqr 0.89209 -0.13542 0.4311 4.17 0.90894 -0.18528 0.3735 4.82
Aqr 0.90894 -0.18528 0.3735 4.82 0.92649 -0.23501 0.29394 4.05
Aqr 0.92649 -0.23501 0.29394 4.05 0.92328 -0.27262 0.27064 3.27
Aqr 0.92328 -0.27262 0.27064 3.27 0.90991 -0.36117 0.20404 3.68
Aqr 0.65893 -0.16497 0.7339 3.78 0.79371 -0.09708 0.60051 2.9
Ara 0.01857 -0.76706 0.6413 3.65 -0.07897 -0.76465 0.63959 2.84
Ara -0.07897 -0.76465 0.63959 2.84 -0.14801 -0.82894 0.5394 3.12
Ara -0.14801 -0.82894 0.5394 3.12 -0.15514 -0.85753 0.49047 3.77
Ara -0.15514 -0.85753 0.49047 3.77 -0.06158 -0.87192 0.48575 3.6
Ara -0.06158 -0.87192 0.48575 3.6 -0.08329 -0.8327 0.54742 3.31
Ara -0.08329 -0.8327 0.54742 3.31 -0.08536 -0.82442 0.55951 2.84
Ara -0.08536 -0.82442 0.55951 2.84 0.01857 -0.76706 0.6413 3.65
Ari 0.65544 0.45805 -0.6005 3.61 0.77969 0.39816 -0.48328 2.01
Ari 0.77969 0.39816 -0.48328 2.01 0.82025 0.35525 -0.44832 2.64
Ari 0.82025 0.35525 -0.44832 2.64 0.83039 0.33042 -0.44865 3.88
Aur 0.00098 0.60478 -0.79639 2.65 0.00146 0.70646 -0.70775 1.9
Aur 0.00146 0.70646 -0.70775 1.9 0.13051 0.71933 -0.6823 0.08
Aur 0.13051 0.71933 -0.6823 0.08 0.18723 0.65706 -0.73022 3.69
Aur 0.18723 0.65706 -0.73022 3.69 0.22725 0.54707 -0.80565 2.69
Aur 0.12866 0.47882 -0.86843 1.65 0.22725 0.54707 -0.80565 2.69
Aur 0.12866 0.47882 -0.86843 1.65 0.00098 0.60478 -0.79639 2.65
Boo -0.74102 0.23732 0.62815 3.78 -0.78373 0.32866 0.52701 -0.05
Boo -0.78373 0.32866 0.52701 -0.05 -0.66948 0.45515 0.58706 2.35
Boo -0.66948 0.45515 0.58706 2.35 -0.54961 0.54925 0.62949 3.46
Boo -0.54961 0.54925 0.62949 3.46 -0.53397 0.648 0.54312 3.49
Boo -0.53397 0.648 0.54312 3.49 -0.61817 0.61989 0.48332 3.04
Boo -0.61817 0.61989 0.48332 3.04 -0.68026 0.5056 0.53068 3.57
Boo -0.68026 0.5056 0.53068 3.57 -0.78373 0.32866 0.52701 -0.05
Boo -0.78373 0.32866 0.52701 -0.05 -0.83253 0.31563 0.45526 2.68
Boo -0.83253 0.31563 0.45526 2.68 -0.85451 0.27225 0.44237 4.05
Cae 0.26844 -0.70653 -0.65479 5.07 0.253 -0.66735 -0.70044 4.44
Cae 0.253 -0.66735 -0.70044 4.44 0.2659 -0.60383 -0.75145 5.04
Cam 0.30655 0.86551 -0.39614 4.21 0.23083 0.89158 -0.38962 4.95
Cam 0.23083 0.89158 -0.38962 4.95 0.11389 0.91597 -0.38476 4.26
Cam 0.30655 0.86551 -0.39614 4.21 0.17156 0.9474 -0.27021 4.59
Cam 0.17156 0.9474 -0.27021 4.59 0.11389 0.91597 -0.38476 4.26
Cam 0.17156 0.9474 -0.27021 4.59 0.03039 0.98239 -0.18436 5.08
Cap 0.55308 -0.2172 0.80433 3.58 0.55809 -0.25513 0.7896 3.05
Cap 0.55809 -0.25513 0.7896 3.05 0.69266 -0.29625 0.65762 4.08
Cap 0.69266 -0.29625 0.65762 4.08 0.73921 -0.2896 0.60803 4.28
Cap 0.73921 -0.2896 0.60803 4.28 0.78498 -0.28672 0.54919 3.69
Cap 0.78498 -0.28672 0.54919 3.69 0.80347 -0.27776 0.52659 2.85
Cap 0.73921 -0.2896 0.60803 4.28 0.72517 -0.38125 0.57339 3.77
Cap 0.72517 -0.38125 0.57339 3.77 0.69266 -0.29625 0.65762 4.08
Cap 0.55809 -0.25513 0.7896 3.05 0.5995 -0.42689 0.67704 4.13
Cap 0.69266 -0.29625 0.65762 4.08 0.6076 -0.45273 0.65259 4.12
Car -0.25882 -0.93799 -0.23059 1.67 -0.30535 -0.93991 -0.15268 3.29
Car -0.30535 -0.93991 -0.15268 3.29 -0.40798 -0.90179 -0.14255 2.74
Car -0.40798 -0.90179 -0.14255 2.74 -0.46431 -0.87092 -0.16092 4.58
Car -0.46431 -0.87092 -0.16092 4.58 -0.50249 -0.85694 -0.11464 3.93
Car -0.50249 -0.85694 -0.11464 3.93 -0.4956 -0.85584 -0.14799 3.78
Car -0.4956 -0.85584 -0.14799 3.78 -0.47757 -0.85481 -0.20301 3.81
Car -0.47757 -0.85481 -0.20301 3.81 -0.43216 -0.87741 -0.20825 3.39
Car -0.43216 -0.87741 -0.20825 3.39 -0.38718 -0.85963 -0.33335 2.21
Car -0.32475 -0.86393 -0.38491 4.31 -0.29557 -0.86171 -0.41241 1.86
Car -0.29557 -0.86171 -0.41241 1.86 -0.06322 -0.79542 -0.60274 -0.62
Car -0.38155 -0.85686 -0.34667 3.43 -0.38718 -0.85963 -0.33335 2.21
Car -0.38155 -0.85686 -0.34667 3.43 -0.32475 -0.86393 -0.38491 4.31
Car -0.06322 -0.79542 -0.60274 -0.62 -0.11957 -0.68449 -0.71914 3.17
Car -0.29557 -0.86171 -0.41241 1.86 -0.39333 -0.64283 -0.65731 2.21
Cas 0.38943 0.89626 -0.2123 3.35 0.46205 0.86808 -0.18156 2.66
Cas 0.46205 0.86808 -0.18156 2.66 0.47424 0.87222 -0.11979 2.15
Cas 0.47424 0.87222 -0.11979 2.15 0.54281 0.83425 -0.09694 2.24
Cas 0.54281 0.83425 -0.09694 2.24 0.51238 0.85852 -0.0205 2.28
Cen -0.37374 -0.87322 0.31273 -0.01 -0.42393 -0.86926 0.25429 0.61
Cen -0.42393 -0.86926 0.25429 0.61 -0.53964 -0.8035 0.25132 2.29
Cen -0.53964 -0.8035 0.25132 2.29 -0.59392 -0.73477 0.32767 2.55
Cen -0.59392 -0.73477 0.32767 2.55 -0.6165 -0.70467 0.35122 3.87
Cen -0.6165 -0.70467 0.35122 3.87 -0.65481 -0.67525 0.33949 3.47
Cen -0.65481 -0.67525 0.33949 3.47 -0.66314 -0.66506 0.3434 3.41
Cen -0.66314 -0.66506 0.3434 3.41 -0.71248 -0.63482 0.29894 3.9
Cen -0.71248 -0.63482 0.29894 3.9 -0.75258 -0.59779 0.27616 2.75
Cen -0.66314 -0.66506 0.3434 3.41 -0.68529 -0.59297 0.42279 2.06
Cen -0.65481 -0.67525 0.33949 3.47 -0.57709 -0.67117 0.46528 2.33
Cen -0.57709 -0.67117 0.46528 2.33 -0.52653 -0.67048 0.5227 3.13
Cen -0.59392 -0.73477 0.32767 2.55 -0.64584 -0.75424 0.11831 2.2
Cen -0.64584 -0.75424 0.11831 2.2 -0.63491 -0.76862 0.07808 3.91
Cen -0.63491 -0.76862 0.07808 3.91 -0.63265 -0.77408 0.02309 2.58
Cen -0.63265 -0.77408 0.02309 2.58 -0.58051 -0.81171 -0.06418 4.62
Cen -0.58051 -0.81171 -0.06418 4.62 -0.45115 -0.89116 -0.04785 3.11
Cep 0.46831 0.84991 0.24157 3.39 0.38469 0.91497 0.12188 3.5
Cep 0.38469 0.91497 0.12188 3.5 0.26285 0.943 0.20415 3.23
Cep 0.26285 0.943 0.20415 3.23 0.35087 0.8877 0.29815 2.45
Cep 0.35087 0.8877 0.29815 2.45 0.46831 0.84991 0.24157 3.39
Cep 0.38469 0.91497 0.12188 3.5 0.21333 0.9768 0.01928 3.21
Cep 0.21333 0.9768 0.01928 3.21 0.26285 0.943 0.20415 3.23
Cet 0.82634 0.1538 -0.54177 4.36 0.78954 0.14713 -0.59581 4.3
Cet 0.86408 -0.27462 -0.42183 3.49 0.93398 -0.30879 -0.1798 2.04
Cet 0.93398 -0.30879 -0.1798 2.04 0.98462 -0.15339 -0.08366 3.56
Cet 0.93398 -0.30879 -0.1798 2.04 0.94051 -0.17677 -0.29018 3.46
Cet 0.94051 -0.17677 -0.29018 3.46 0.92404 -0.14233 -0.35481 3.6
Cet 0.92404 -0.14233 -0.35481 3.6 0.86971 -0.1794 -0.4598 3.74
Cet 0.86971 -0.1794 -0.4598 3.74 0.78556 -0.21286 -0.58101 4.88
Cet 0.78556 -0.21286 -0.58101 4.88 0.75086 -0.20571 -0.6276 4.83
Cet 0.75086 -0.20571 -0.6276 4.83 0.7324 -0.23952 -0.63735 4.24
Cet 0.7324 -0.23952 -0.63735 4.24 0.76006 -0.26293 -0.59429 4.74
Cet 0.76006 -0.26293 -0.59429 4.74 0.86408 -0.27462 -0.42183 3.49
Cet 0.81968 -0.05193 -0.57046 6.47 0.75086 -0.20571 -0.6276 4.83
Cet 0.81968 -0.05193 -0.57046 6.47 0.76749 0.00574 -0.64104 4.08
Cet 0.76749 0.00574 -0.64104 4.08 0.7555 0.05646 -0.65271 3.47
Cet 0.7555 0.05646 -0.65271 3.47 0.69826 0.07133 -0.71228 2.54
Cet 0.69826 0.07133 -0.71228 2.54 0.69945 0.15484 -0.6977 4.71
Cet 0.69945 0.15484 -0.6977 4.71 0.74033 0.17562 -0.6489 4.27
Cet 0.74033 0.17562 -0.6489 4.27 0.78954 0.14713 -0.59581 4.3
Cet 0.78954 0.14713 -0.59581 4.3 0.77379 0.09747 -0.6259 4.87
Cet 0.77379 0.09747 -0.6259 4.87 0.7555 0.05646 -0.65271 3.47
Cha -0.1286 -0.97405 -0.18621 4.05 -0.18424 -0.98029 -0.07121 4.11
Cha -0.18424 -0.98029 -0.07121 4.11 -0.18486 -0.98265 0.01484 4.24
Cir -0.32105 -0.90612 0.27545 3.18 -0.32217 -0.86003 0.39566 4.48
Cir -0.32105 -0.90612 0.27545 3.18 -0.33725 -0.85537 0.39319 4.071
CMa -0.2291 -0.20857 -0.95079 4.08 -0.26446 -0.26947 -0.92598 4.11
CMa -0.26446 -0.26947 -0.92598 4.11 -0.23183 -0.29327 -0.92749 4.36
CMa -0.23183 -0.29327 -0.92749 4.36 -0.18748 -0.28758 -0.93922 -1.44
CMa -0.18748 -0.28758 -0.93922 -1.44 -0.24838 -0.40407 -0.88035 3.02
CMa -0.24838 -0.40407 -0.88035 3.02 -0.26335 -0.44452 -0.85617 1.83
CMa -0.26335 -0.44452 -0.85617 1.83 -0.28628 -0.45045 -0.84565 4.01
CMa -0.28628 -0.45045 -0.84565 4.01 -0.31284 -0.48942 -0.81399 2.45
CMa -0.22135 -0.48438 -0.84638 1.5 -0.23505 -0.46846 -0.85163 3.49
CMa -0.23505 -0.46846 -0.85163 3.49 -0.26335 -0.44452 -0.85617 1.83
CMa -0.23505 -0.46846 -0.85163 3.49 -0.21422 -0.40559 -0.88859 6.65
CMa -0.21422 -0.40559 -0.88859 6.65 -0.15046 -0.32978 -0.93198 3.95
CMa -0.15046 -0.32978 -0.93198 3.95 -0.14029 -0.39016 -0.90999 4.54
CMa -0.15046 -0.32978 -0.93198 3.95 -0.09406 -0.30828 -0.94663 1.98
CMa -0.15046 -0.32978 -0.93198 3.95 -0.18748 -0.28758 -0.93922 -1.44
CMa -0.22135 -0.48438 -0.84638 1.5 -0.18195 -0.53742 -0.82344 3.5
CMa -0.0766 -0.50095 -0.86207 3.02 -0.22135 -0.48438 -0.84638 1.5
CMa -0.23183 -0.29327 -0.92749 4.36 -0.2291 -0.20857 -0.95079 4.08
CMi -0.41813 0.09112 -0.9038 0.4 -0.36729 0.14418 -0.91886 2.89
Cnc -0.58287 0.48115 -0.65479 4.031 -0.60835 0.366 -0.70424 4.66
Cnc -0.60835 0.366 -0.70424 4.66 -0.51026 0.45739 -0.7283 5.13
Cnc -0.60835 0.366 -0.70424 4.66 -0.62553 0.31159 -0.71527 3.94
Cnc -0.62553 0.31159 -0.71527 3.94 -0.55386 0.15964 -0.81716 3.53
Cnc -0.62553 0.31159 -0.71527 3.94 -0.68743 0.20549 -0.69657 4.26
Col -0.08039 -0.551 -0.83061 3.85 -0.059 -0.57558 -0.8156 4.37
Col -0.059 -0.57558 -0.8156 4.37 0.00878 -0.57761 -0.81625 4.36
Col 0.00878 -0.57761 -0.81625 4.36 0.032 -0.58452 -0.81074 3.12
Col 0.032 -0.58452 -0.81074 3.12 0.00274 -0.67963 -0.73354 3.96
Col 0.032 -0.58452 -0.81074 3.12 0.07346 -0.56026 -0.82505 2.65
Col 0.07346 -0.56026 -0.82505 2.65 0.10204 -0.58028 -0.80799 3.86
Com -0.90943 0.3012 0.28672 4.32 -0.84083 0.46757 0.27273 4.23
Com -0.84083 0.46757 0.27273 4.23 -0.87465 0.47361 0.10329 4.35
CrA 0.14897 -0.62009 0.77026 5.11 0.19461 -0.60658 0.77084 5.36
CrA 0.19461 -0.60658 0.77084 5.36 0.20212 -0.6033 0.77148 4.83
CrA 0.20212 -0.6033 0.77148 4.83 0.22803 -0.60268 0.76471 4.23
CrA 0.22803 -0.60268 0.76471 4.23 0.23554 -0.61434 0.75307 4.11
CrA 0.23554 -0.61434 0.75307 4.11 0.23266 -0.63393 0.73757 4.1
CrA 0.23266 -0.63393 0.73757 4.1 0.22344 -0.6494 0.72688 4.57
CrA 0.22344 -0.6494 0.72688 4.57 0.20178 -0.67036 0.71408 4.74
CrA 0.20178 -0.67036 0.71408 4.74 0.17865 -0.67829 0.71275 5.35
CrA 0.14897 -0.62009 0.77026 5.11 0.10826 -0.63882 0.76171 5.16
CrB -0.51113 0.52041 0.68406 4.14 -0.53842 0.48642 0.68811 3.66
CrB -0.53842 0.48642 0.68811 3.66 -0.52917 0.44956 0.71964 2.22
CrB -0.52917 0.44956 0.71964 2.22 -0.50539 0.44301 0.7405 3.81
CrB -0.50539 0.44301 0.7405 3.81 -0.48397 0.43945 0.75674 4.59
CrB -0.48397 0.43945 0.75674 4.59 -0.45408 0.4521 0.76774 4.14
CrB -0.45408 0.4521 0.76774 4.14 -0.42892 0.49775 0.75384 4.98
Crt -0.91684 -0.31397 -0.24661 4.08 -0.90126 -0.38792 -0.19297 4.46
Crt -0.90126 -0.38792 -0.19297 4.46 -0.94158 -0.30376 -0.14541 4.06
Crt -0.94158 -0.30376 -0.14541 4.06 -0.95174 -0.25509 -0.17063 3.56
Crt -0.95174 -0.25509 -0.17063 3.56 -0.91684 -0.31397 -0.24661 4.08
Crt -0.95174 -0.25509 -0.17063 3.56 -0.9704 -0.18839 -0.15105 4.81
Crt -0.9704 -0.18839 -0.15105 4.81 -0.9803 -0.17024 -0.10008 4.7
Crt -0.9803 -0.17024 -0.10008 4.7 -0.95538 -0.29488 -0.0166 5.17
Crt -0.95538 -0.29488 -0.0166 5.17 -0.94705 -0.31483 -0.06305 4.71
Crt -0.94705 -0.31483 -0.06305 4.71 -0.94158 -0.30376 -0.14541 4.06
Cru -0.53797 -0.83973 0.07362 1.59 -0.4494 -0.89179 0.0524 0.77
Cru -0.49379 -0.86329 0.10434 1.25 -0.51765 -0.8549 0.03426 2.79
Crv -0.95092 -0.27892 0.13396 4.3 -0.95061 -0.28426 0.12459 2.94
Crv -0.95061 -0.28426 0.12459 2.94 -0.95122 -0.3014 0.06572 2.58
Crv -0.95122 -0.3014 0.06572 2.58 -0.92217 -0.38461 0.04077 3.02
Crv -0.92217 -0.38461 0.04077 3.02 -0.90768 -0.41832 0.03334 4.02
Crv -0.92217 -0.38461 0.04077 3.02 -0.90746 -0.39709 0.13719 2.65
Crv -0.90746 -0.39709 0.13719 2.65 -0.95061 -0.28426 0.12459 2.94
CVn -0.74248 0.66075 0.11015 4.24 -0.76124 0.62003 0.18991 2.89
Cyg 0.19697 0.80249 0.56323 3.8 0.23629 0.7851 0.57254 3.76
Cyg 0.23629 0.7851 0.57254 3.76 0.31196 0.70872 0.63278 2.86
Cyg 0.31196 0.70872 0.63278 2.86 0.44379 0.64622 0.62086 2.23
Cyg 0.44379 0.64622 0.62086 2.23 0.45565 0.71056 0.53619 1.25
Cyg 0.44379 0.64622 0.62086 2.23 0.5501 0.55876 0.62064 2.48
Cyg 0.5501 0.55876 0.62064 2.48 0.64447 0.50343 0.57553 3.21
Cyg 0.64447 0.50343 0.57553 3.21 0.72719 0.48089 0.48985 4.49
Cyg 0.44379 0.64622 0.62086 2.23 0.39769 0.57477 0.71519 3.89
Cyg 0.39769 0.57477 0.71519 3.89 0.34059 0.46886 0.81498 3.05
Del 0.6078 0.19601 0.76953 4.031 0.61408 0.25199 0.74794 3.64
Del 0.61408 0.25199 0.74794 3.64 0.617 0.27417 0.73767 3.77
Del 0.617 0.27417 0.73767 3.77 0.63862 0.27774 0.71766 4.27
Del 0.63862 0.27774 0.71766 4.27 0.63177 0.26008 0.73024 4.43
Del 0.63177 0.26008 0.73024 4.43 0.61408 0.25199 0.74794 3.64
Dor 0.02729 -0.91165 -0.41004 4.34 0.01166 -0.89172 -0.45242 4.65
Dor 0.01166 -0.89172 -0.45242 4.65 0.05304 -0.88692 -0.45885 3.76
Dor 0.05304 -0.88692 -0.45885 3.76 0.02729 -0.91165 -0.41004 4.34
Dor 0.05304 -0.88692 -0.45885 3.76 0.21 -0.8196 -0.53306 3.3
Dor 0.21 -0.8196 -0.53306 3.3 0.27291 -0.78246 -0.5597 4.26
Dra -0.01543 0.83746 0.54629 3.73 -0.00922 0.78249 0.6226 2.24
Dra -0.00922 0.78249 0.6226 2.24 -0.07867 0.79124 0.60643 2.79
Dra -0.07867 0.79124 0.60643 2.79 -0.06894 0.82088 0.56693 4.86
Dra -0.06894 0.82088 0.56693 4.86 -0.01543 0.83746 0.54629 3.73
Dra -0.01543 0.83746 0.54629 3.73 0.11833 0.92496 0.3612 3.07
Dra 0.11833 0.92496 0.3612 3.07 0.15351 0.94129 0.30072 3.84
Dra 0.15351 0.94129 0.30072 3.84 0.02721 0.95494 0.29557 3.55
Dra 0.02721 0.95494 0.29557 3.55 -0.09114 0.91151 0.40106 3.17
Dra -0.09114 0.91151 0.40106 3.17 -0.194 0.87894 0.43571 2.73
Dra -0.194 0.87894 0.43571 2.73 -0.25702 0.85323 0.45381 4.01
Dra -0.25702 0.85323 0.45381 4.01 -0.32281 0.85687 0.40197 3.29
Dra -0.32281 0.85687 0.40197 3.29 -0.37031 0.90165 0.22337 3.67
Dra -0.37031 0.90165 0.22337 3.67 -0.34181 0.93843 0.0503 3.85
Dra -0.34181 0.93843 0.0503 3.85 -0.35022 0.93564 -0.04392 3.82
Equ 0.72677 0.17592 0.66398 4.7 0.73893 0.17379 0.651 4.47
Equ 0.73893 0.17379 0.651 4.47 0.76864 0.1186 0.6286 5.16
Equ 0.76864 0.1186 0.6286 5.16 0.75105 0.09147 0.65389 3.92
Equ 0.75105 0.09147 0.65389 3.92 0.72677 0.17592 0.66398 4.7
Eri 0.49273 -0.84091 -0.2238 0.45 0.54323 -0.78379 -0.30094 3.69
Eri 0.54323 -0.78379 -0.30094 3.69 0.51518 -0.78273 -0.34915 3.56
Eri 0.51518 -0.78273 -0.34915 3.56 0.53925 -0.73967 -0.40261 4.24
Eri 0.53925 -0.73967 -0.40261 4.24 0.56166 -0.68061 -0.47044 4.74
Eri 0.56166 -0.68061 -0.47044 4.74 0.58664 -0.64085 -0.49515 4.11
Eri 0.58664 -0.64085 -0.49515 4.11 0.54333 -0.64685 -0.53514 2.88
Eri 0.54333 -0.64685 -0.53514 2.88 0.46984 -0.68291 -0.55936 4.26
Eri 0.46984 -0.68291 -0.55936 4.26 0.42967 -0.61042 -0.66541 4.3
Eri 0.42967 -0.61042 -0.66541 4.3 0.4352 -0.5906 -0.67954 4.17
Eri 0.4352 -0.5906 -0.67954 4.17 0.35811 -0.55627 -0.74988 3.55
Eri 0.35811 -0.55627 -0.74988 3.55 0.33702 -0.55943 -0.75726 3.97
Eri 0.33702 -0.55943 -0.75726 3.97 0.31016 -0.50847 -0.80327 3.81
Eri 0.31016 -0.50847 -0.80327 3.81 0.50428 -0.39471 -0.76805 4.22
Eri 0.50428 -0.39471 -0.76805 4.22 0.55362 -0.36865 -0.74672 4.26
Eri 0.55362 -0.36865 -0.74672 4.26 0.5985 -0.37068 -0.7102 3.7
Eri 0.5985 -0.37068 -0.7102 3.7 0.64105 -0.40073 -0.65457 4.08
Eri 0.64105 -0.40073 -0.65457 4.08 0.71242 -0.3185 -0.62531 4.47
Eri 0.71242 -0.3185 -0.62531 4.47 0.70941 -0.15466 -0.68762 3.89
Eri 0.70941 -0.15466 -0.68762 3.89 0.64885 -0.15332 -0.74531 4.8
Eri 0.64885 -0.15332 -0.74531 4.8 0.5904 -0.16432 -0.7902 3.72
Eri 0.5904 -0.16432 -0.7902 3.72 0.55377 -0.16961 -0.81521 3.52
Eri 0.55377 -0.16961 -0.81521 3.52 0.35646 -0.05847 -0.93247 3.93
Eri 0.35646 -0.05847 -0.93247 3.93 0.31885 -0.05677 -0.9461 4.01
Eri 0.31885 -0.05677 -0.9461 4.01 0.28734 -0.09502 -0.9531 4.36
Eri 0.28734 -0.09502 -0.9531 4.36 0.2247 -0.08865 -0.97038 2.78
Eri 0.2247 -0.08865 -0.97038 2.78 0.21752 -0.15219 -0.96411 4.25
Eri 0.21752 -0.15219 -0.96411 4.25 0.33864 -0.24705 -0.9079 3.86
For 0.62473 -0.53591 -0.5679 4.45 0.5851 -0.48464 -0.65021 3.8
Gem -0.15714 0.28234 -0.94635 1.93 -0.25849 0.35136 -0.89985 4.01
Gem -0.25849 0.35136 -0.89985 4.01 -0.31762 0.37433 -0.8712 3.5
Gem -0.31762 0.37433 -0.8712 3.5 -0.32036 0.2847 -0.9035 3.58
Gem -0.32036 0.2847 -0.9035 3.58 -0.19138 0.22319 -0.9558 3.35
Gem -0.31762 0.37433 -0.8712 3.5 -0.36246 0.45238 -0.81484 4.06
Gem -0.36246 0.45238 -0.81484 4.06 -0.40082 0.41308 -0.81774 3.57
Gem -0.36246 0.45238 -0.81484 4.06 -0.39153 0.46988 -0.79114 1.16
Gem -0.36246 0.45238 -0.81484 4.06 -0.32322 0.46637 -0.82342 3.78
Gem -0.32322 0.46637 -0.82342 3.78 -0.26386 0.50371 -0.82259 4.41
Gem -0.26386 0.50371 -0.82259 4.41 -0.3406 0.52827 -0.77776 1.58
Gem -0.26386 0.50371 -0.82259 4.41 -0.18935 0.55864 -0.8075 3.6
Gem -0.26386 0.50371 -0.82259 4.41 -0.17248 0.4247 -0.88875 3.06
Gem -0.17248 0.4247 -0.88875 3.06 -0.11827 0.3455 -0.93093 4.13
Gem -0.17248 0.4247 -0.88875 3.06 -0.09239 0.38291 -0.91915 2.87
Gem -0.09239 0.38291 -0.91915 2.87 -0.05993 0.3828 -0.92188 3.31
Gem -0.05993 0.3828 -0.92188 3.31 -0.01651 0.39497 -0.91854 4.16
Gru 0.70574 -0.68861 0.16658 4.28 0.66932 -0.68829 0.27975 3.97
Gru 0.66932 -0.68829 0.27975 3.97 0.60294 -0.73088 0.31981 1.73
Gru 0.60294 -0.73088 0.31981 1.73 0.64493 -0.72997 0.22628 2.07
Gru 0.64493 -0.72997 0.22628 2.07 0.68761 -0.71014 0.15132 3.88
Gru 0.68761 -0.71014 0.15132 3.88 0.70574 -0.68861 0.16658 4.28
Gru 0.64493 -0.72997 0.22628 2.07 0.58522 -0.79604 0.1544 4.11
Gru 0.64493 -0.72997 0.22628 2.07 0.59489 -0.78061 0.19171 3.49
Gru 0.60294 -0.73088 0.31981 1.73 0.67789 -0.63665 0.36762 4.47
Gru 0.67789 -0.63665 0.36762 4.47 0.67754 -0.60688 0.4155 3
Her -0.06215 0.71942 0.6918 3.82 -0.01301 0.60531 0.7959 3.86
Her -0.01301 0.60531 0.7959 3.86 -0.12578 0.60385 0.78712 4.15
Her -0.12578 0.60385 0.78712 4.15 -0.1461 0.60587 0.78204 4.64
Her -0.1461 0.60587 0.78204 4.64 -0.15603 0.59916 0.78529 3.16
Her -0.15603 0.59916 0.78529 3.16 -0.25683 0.62827 0.73439 3.48
Her -0.25683 0.62827 0.73439 3.48 -0.27017 0.67478 0.68679 4.2
Her -0.27017 0.67478 0.68679 4.2 -0.29261 0.72313 0.62567 3.91
Her -0.29261 0.72313 0.62567 3.91 -0.38917 0.67495 0.62689 4.6
Her -0.25683 0.62827 0.73439 3.48 -0.28678 0.52402 0.80198 2.81
Her -0.28678 0.52402 0.80198 2.81 -0.35525 0.36634 0.86 2.78
Her -0.35525 0.36634 0.86 2.78 -0.39203 0.3281 0.85946 3.74
Her -0.28678 0.52402 0.80198 2.81 -0.22097 0.51394 0.82888 3.92
Her -0.22097 0.51394 0.82888 3.92 -0.11433 0.44011 0.89064 4.41
Her -0.11433 0.44011 0.89064 4.41 -0.17691 0.42008 0.89008 3.12
Her -0.05226 0.46519 0.88367 3.42 -0.00851 0.48859 0.87248 3.7
Her -0.00851 0.48859 0.87248 3.7 0.02885 0.48118 0.87615 3.84
Her -0.00851 0.48859 0.87248 3.7 -0.05226 0.46519 0.88367 3.42
Her -0.22097 0.51394 0.82888 3.92 -0.15603 0.59916 0.78529 3.16
Hor 0.33006 -0.67293 -0.66198 3.85 0.44323 -0.81462 -0.37408 5.21
Hor 0.44323 -0.81462 -0.37408 5.21 0.35069 -0.86372 -0.36193 5.12
Hya -0.65235 0.05929 -0.75559 4.3 -0.63753 0.05829 -0.7682 4.45
Hya -0.63753 0.05829 -0.7682 4.45 -0.63177 0.09939 -0.76875 4.14
Hya -0.63177 0.09939 -0.76875 4.14 -0.66098 0.1118 -0.74202 3.38
Hya -0.66098 0.1118 -0.74202 3.38 -0.66705 0.10172 -0.73803 4.35
Hya -0.66705 0.10172 -0.73803 4.35 -0.65235 0.05929 -0.75559 4.3
Hya -0.66705 0.10172 -0.73803 4.35 -0.68902 0.10359 -0.71729 3.11
Hya -0.68902 0.10359 -0.71729 3.11 -0.74939 0.0404 -0.66089 3.89
Hya -0.74939 0.0404 -0.66089 3.89 -0.79841 -0.02067 -0.60174 4.54
Hya -0.79841 -0.02067 -0.60174 4.54 -0.79015 -0.0483 -0.61099 4.59
Hya -0.79015 -0.0483 -0.61099 4.59 -0.77793 -0.15054 -0.61004 1.99
Hya -0.77793 -0.15054 -0.61004 1.99 -0.81856 -0.25623 -0.51409 4.11
Hya -0.81856 -0.25623 -0.51409 4.11 -0.86763 -0.21394 -0.44882 3.61
Hya -0.86763 -0.21394 -0.44882 3.61 -0.8779 -0.28963 -0.3813 3.83
Hya -0.8779 -0.28963 -0.3813 3.83 -0.9154 -0.27889 -0.29027 3.11
Hya -0.9154 -0.27889 -0.29027 3.11 -0.84347 -0.5278 -0.09981 3.54
Hya -0.84347 -0.5278 -0.09981 3.54 -0.82953 -0.55786 -0.02567 4.29
Hya -0.82953 -0.55786 -0.02567 4.29 -0.87826 -0.39262 0.27294 4.94
Hya -0.87826 -0.39262 0.27294 4.94 -0.86536 -0.39348 0.31036 2.99
Hyi 0.21924 -0.97536 -0.02464 2.82 0.1487 -0.9624 -0.2273 3.26
Hyi 0.1487 -0.9624 -0.2273 3.26 0.28409 -0.92891 -0.2375 4.12
Hyi 0.28409 -0.92891 -0.2375 4.12 0.2965 -0.93143 -0.211 4.08
Hyi 0.2965 -0.93143 -0.211 4.08 0.41358 -0.87939 -0.23581 2.86
Ind 0.45598 -0.80332 0.38308 4.39 0.43044 -0.73481 0.52419 3.11
Ind 0.43044 -0.73481 0.52419 3.11 0.36148 -0.85222 0.37823 3.67
Ind 0.36148 -0.85222 0.37823 3.67 0.45598 -0.80332 0.38308 4.39
Lac 0.71064 0.6122 0.34672 4.14 0.67492 0.68358 0.27788 4.52
Lac 0.67492 0.68358 0.27788 4.52 0.62118 0.73972 0.2588 4.34
Lac 0.62118 0.73972 0.2588 4.34 0.59419 0.76014 0.26295 4.55
Lac 0.59419 0.76014 0.26295 4.55 0.55907 0.79048 0.2502 4.42
Lac 0.55907 0.79048 0.2502 4.42 0.59173 0.76921 0.24122 3.76
Lac 0.59173 0.76921 0.24122 3.76 0.62118 0.73972 0.2588 4.34
Leo -0.96672 0.25161 -0.04616 2.14 -0.9448 0.26606 -0.19119 3.33
Leo -0.9448 0.26606 -0.19119 3.33 -0.8645 0.20736 -0.45785 1.36
Leo -0.8645 0.20736 -0.45785 1.36 -0.84411 0.28841 -0.45198 3.48
Leo -0.84411 0.28841 -0.45198 3.48 -0.85244 0.33943 -0.39764 2.01
Leo -0.85244 0.33943 -0.39764 2.01 -0.91781 0.35061 -0.18628 2.56
Leo -0.91781 0.35061 -0.18628 2.56 -0.96672 0.25161 -0.04616 2.14
Leo -0.85244 0.33943 -0.39764 2.01 -0.82597 0.39743 -0.39977 3.43
Leo -0.82597 0.39743 -0.39977 3.43 -0.76376 0.43849 -0.4737 3.88
Leo -0.76376 0.43849 -0.4737 3.88 -0.76279 0.40314 -0.50559 2.97
Leo -0.91781 0.35061 -0.18628 2.56 -0.9448 0.26606 -0.19119 3.33
Lep -0.02594 -0.25772 -0.96586 4.67 0.01521 -0.24476 -0.96946 3.71
Lep 0.01521 -0.24476 -0.96946 3.71 0.055 -0.25581 -0.96516 3.55
Lep 0.055 -0.25581 -0.96516 3.55 0.11301 -0.30606 -0.94527 2.58
Lep 0.11301 -0.30606 -0.94527 2.58 0.19584 -0.27908 -0.94008 3.29
Lep 0.11301 -0.30606 -0.94527 2.58 0.03539 -0.35637 -0.93367 3.76
Lep 0.03539 -0.35637 -0.93367 3.76 0.0626 -0.38183 -0.9221 3.59
Lep 0.0626 -0.38183 -0.9221 3.59 0.12915 -0.35444 -0.92611 2.81
Lep 0.12915 -0.35444 -0.92611 2.81 0.218 -0.3806 -0.89867 3.19
Lep 0.11301 -0.30606 -0.94527 2.58 0.12915 -0.35444 -0.92611 2.81
Lep 0.19584 -0.27908 -0.94008 3.29 0.17086 -0.22795 -0.95856 4.29
Lep 0.19584 -0.27908 -0.94008 3.29 0.19751 -0.22395 -0.95437 4.36
Lep 0.218 -0.3806 -0.89867 3.19 0.19584 -0.27908 -0.94008 3.29
Lep 0.19751 -0.22395 -0.95437 4.36 0.20223 -0.20567 -0.95749 4.45
Lep 0.17086 -0.22795 -0.95856 4.29 0.16973 -0.21329 -0.96213 5.29
Lib -0.501 -0.28785 0.81617 4.13 -0.56993 -0.25526 0.78104 3.91
Lib -0.56993 -0.25526 0.78104 3.91 -0.644 -0.16303 0.74746 2.61
Lib -0.644 -0.16303 0.74746 2.61 -0.70607 -0.27633 0.652 2.75
Lib -0.70607 -0.27633 0.652 2.75 -0.62792 -0.42707 0.65064 3.25
Lib -0.62792 -0.42707 0.65064 3.25 -0.56993 -0.25526 0.78104 3.91
LMi -0.79216 0.56231 -0.23724 3.79 -0.7378 0.59773 -0.31361 4.2
LMi -0.7378 0.59773 -0.31361 4.2 -0.72014 0.57707 -0.38521 4.49
LMi -0.72014 0.57707 -0.38521 4.49 -0.6475 0.59339 -0.47815 4.54
LMi -0.72014 0.57707 -0.38521 4.49 -0.79216 0.56231 -0.23724 3.79
Lup -0.44444 -0.55378 0.70413 3.97 -0.37839 -0.5984 0.70622 5.72
Lup -0.37839 -0.5984 0.70622 5.72 -0.3915 -0.6211 0.67894 3.42
Lup -0.3915 -0.6211 0.67894 3.42 -0.44444 -0.55378 0.70413 3.97
Lup -0.3915 -0.6211 0.67894 3.42 -0.44476 -0.65825 0.60737 2.8
Lup -0.44476 -0.65825 0.60737 2.8 -0.48421 -0.6514 0.58414 3.22
Lup -0.48421 -0.6514 0.58414 3.22 -0.51341 -0.59146 0.62176 3.57
Lup -0.48421 -0.6514 0.58414 3.22 -0.51931 -0.6837 0.51271 2.68
Lup -0.44476 -0.65825 0.60737 2.8 -0.42753 -0.67645 0.59969 4.34
Lup -0.42753 -0.67645 0.59969 4.34 -0.41047 -0.78907 0.45703 3.41
Lup -0.41047 -0.78907 0.45703 3.41 -0.51495 -0.73595 0.43954 2.3
Lup -0.41047 -0.78907 0.45703 3.41 -0.50209 -0.75956 0.41348 4.05
Lup -0.51495 -0.73595 0.43954 2.3 -0.5643 -0.71177 0.41826 4.33
Lup -0.51495 -0.73595 0.43954 2.3 -0.51931 -0.6837 0.51271 2.68
Lyn -0.63457 0.56486 -0.52749 3.14 -0.61076 0.59907 -0.51776 3.82
Lyn -0.61076 0.59907 -0.51776 3.82 -0.5693 0.62187 -0.53775 4.56
Lyn -0.5693 0.62187 -0.53775 4.56 -0.52875 0.66632 -0.52577 3.96
Lyn -0.52875 0.66632 -0.52577 3.96 -0.42555 0.6844 -0.59203 4.25
Lyn -0.42555 0.6844 -0.59203 4.25 -0.24131 0.75713 -0.60706 4.61
Lyn -0.24131 0.75713 -0.60706 4.61 -0.1295 0.85194 -0.50737 4.35
Lyn -0.1295 0.85194 -0.50737 4.35 -0.04403 0.85727 -0.51298 4.44
Lyr 0.12509 0.62638 0.76943 0.03 0.15379 0.61022 0.77717 4.34
Lyr 0.15379 0.61022 0.77717 4.34 0.18106 0.54994 0.81535 3.52
Lyr 0.18106 0.54994 0.81535 3.52 0.21408 0.54009 0.81393 3.25
Lyr 0.21408 0.54009 0.81393 3.25 0.1884 0.60041 0.7772 4.22
Lyr 0.1884 0.60041 0.7772 4.22 0.15379 0.61022 0.77717 4.34
Men 0.02891 -0.97172 -0.23435 5.18 0.10763 -0.94512 -0.30846 5.53
Mic 0.6435 -0.53246 0.54991 4.71 0.60133 -0.53372 0.5946 4.67
Mic 0.60133 -0.53372 0.5946 4.67 0.56146 -0.556 0.6129 4.89
Mon -0.06438 -0.10929 -0.99192 3.99 -0.12446 -0.12244 -0.98464 3.76
Mon -0.12446 -0.12244 -0.98464 3.76 -0.30844 -0.0086 -0.9512 4.15
Mon -0.30844 -0.0086 -0.9512 4.15 -0.10319 0.08008 -0.99143 4.39
Mon -0.10319 0.08008 -0.99143 4.39 -0.03907 0.04362 -0.99828 5.7
Mon -0.30844 -0.0086 -0.9512 4.15 -0.53139 -0.05205 -0.84552 4.36
Mon -0.53139 -0.05205 -0.84552 4.36 -0.42162 -0.16592 -0.89146 3.94
Mus -0.36528 -0.92788 0.07479 3.04 -0.3943 -0.91864 -0.02479 3.63
Mus -0.3943 -0.91864 -0.02479 3.63 -0.30373 -0.95177 0.04333 3.84
Mus -0.30373 -0.95177 0.04333 3.84 -0.35148 -0.93442 0.05754 2.69
Mus -0.35148 -0.93442 0.05754 2.69 -0.36528 -0.92788 0.07479 3.04
Nor -0.25945 -0.81543 0.51745 4.95 -0.27117 -0.76778 0.5805 4.01
Nor -0.27117 -0.76778 0.5805 4.01 -0.2659 -0.73792 0.6203 4.46
Nor -0.2659 -0.73792 0.6203 4.46 -0.31855 -0.75733 0.57007 4.65
Nor -0.31855 -0.75733 0.57007 4.65 -0.27117 -0.76778 0.5805 4.01
Nor -0.31855 -0.75733 0.57007 4.65 -0.25945 -0.81543 0.51745 4.95
Oct 0.17965 -0.97587 0.12408 3.73 0.14213 -0.9887 0.04752 4.13
Oct 0.14213 -0.9887 0.04752 4.13 -0.08839 -0.99389 0.06597 4.31
Oct -0.08839 -0.99389 0.06597 4.31 0.17965 -0.97587 0.12408 3.73
Oph -0.10654 0.21748 0.97024 2.08 -0.07182 0.07963 0.99424 2.76
Oph -0.20679 -0.27102 0.9401 2.43 -0.07182 0.07963 0.99424 2.76
Oph -0.10654 0.21748 0.97024 2.08 -0.26503 0.1629 0.95038 3.19
Oph -0.26503 0.1629 0.95038 3.19 -0.4278 -0.0818 0.90016 3.23
Oph -0.4278 -0.0818 0.90016 3.23 -0.34764 -0.18338 0.91952 2.54
Oph -0.34764 -0.18338 0.91952 2.54 -0.20679 -0.27102 0.9401 2.43
Oph -0.20679 -0.27102 0.9401 2.43 -0.11367 -0.40613 0.90672 4.78
Ori 0.08381 -0.03389 -0.9959 1.74 0.10358 -0.02097 -0.9944 1.69
Ori 0.10358 -0.02097 -0.9944 1.69 0.12184 -0.00522 -0.99253 2.25
Ori -0.01419 0.33695 -0.94141 5.14 -0.05048 0.24546 -0.96809 4.45
Ori -0.05048 0.24546 -0.96809 4.45 -0.03194 0.25492 -0.96643 4.42
Ori -0.03194 0.25492 -0.96643 4.42 0.02299 0.34655 -0.93775 4.39
Ori -0.05048 0.24546 -0.96809 4.45 -0.01025 0.16759 -0.9858 4.12
Ori -0.01025 0.16759 -0.9858 4.12 0.0209 0.12892 -0.99143 0.45
Ori 0.0209 0.12892 -0.99143 0.45 0.08381 -0.03389 -0.9959 1.74
Ori 0.08381 -0.03389 -0.9959 1.74 0.05264 -0.16796 -0.98438 2.07
Ori 0.05264 -0.16796 -0.98438 2.07 0.19506 -0.14265 -0.97036 0.18
Ori 0.19506 -0.14265 -0.97036 0.18 0.12184 -0.00522 -0.99253 2.25
Ori 0.12184 -0.00522 -0.99253 2.25 0.15063 0.1106 -0.98238 1.64
Ori 0.15063 0.1106 -0.98238 1.64 0.10665 0.17252 -0.97921 3.39
Ori 0.10665 0.17252 -0.97921 3.39 0.0209 0.12892 -0.99143 0.45
Ori 0.15063 0.1106 -0.98238 1.64 0.29917 0.1212 -0.94647 3.19
Ori 0.29917 0.1212 -0.94647 3.19 0.29427 0.09768 -0.95071 3.68
Ori 0.29427 0.09768 -0.95071 3.68 0.28634 0.04377 -0.95712 5.33
Ori 0.28634 0.04377 -0.95712 5.33 0.26482 0.02992 -0.96383 4.47
Ori 0.29917 0.1212 -0.94647 3.19 0.29457 0.15472 -0.94302 4.35
Ori 0.29457 0.15472 -0.94302 4.35 0.27589 0.17625 -0.94489 4.64
Ori -0.03194 0.25492 -0.96643 4.42 -0.01025 0.16759 -0.9858 4.12
Pav 0.32559 -0.83614 0.44143 1.94 0.32668 -0.909 0.25883 4.21
Pav 0.32668 -0.909 0.25883 4.21 0.26599 -0.91498 0.30342 3.42
Pav 0.26599 -0.91498 0.30342 3.42 0.21507 -0.91481 0.34186 3.55
Pav 0.21507 -0.91481 0.34186 3.55 0.32559 -0.83614 0.44143 1.94
Pav 0.21507 -0.91481 0.34186 3.55 0.14759 -0.95584 0.25413 3.97
Pav 0.14759 -0.95584 0.25413 3.97 0.05946 -0.94792 0.31291 4.01
Pav 0.05946 -0.94792 0.31291 4.01 0.09518 -0.92208 0.37509 4.4
Pav 0.09518 -0.92208 0.37509 4.4 0.21507 -0.91481 0.34186 3.55
Pav 0.09518 -0.92208 0.37509 4.4 0.10539 -0.88447 0.45453 4.22
Pav 0.10539 -0.88447 0.45453 4.22 0.04829 -0.87876 0.47481 4.35
Pav 0.04829 -0.87876 0.47481 4.35 0.01661 -0.89623 0.44327 4.33
Pav 0.01661 -0.89623 0.44327 4.33 0.10539 -0.88447 0.45453 4.22
Pav 0.01661 -0.89623 0.44327 4.33 -0.02656 -0.90425 0.42616 3.61
Peg 0.96349 0.26192 -0.0557 2.83 0.9371 0.26228 0.23035 2.49
Peg 0.85586 0.47075 0.2143 2.44 0.81578 0.50335 0.28488 2.93
Peg 0.81578 0.50335 0.28488 2.93 0.74115 0.54717 0.389 5.58
Peg 0.85586 0.47075 0.2143 2.44 0.86715 0.41631 0.27341 3.51
Peg 0.86715 0.41631 0.27341 3.51 0.86991 0.3998 0.28883 3.97
Peg 0.86991 0.3998 0.28883 3.97 0.79612 0.42807 0.42774 3.77
Peg 0.79612 0.42807 0.42774 3.77 0.74879 0.4328 0.50201 4.14
Peg 0.9371 0.26228 0.23035 2.49 0.92793 0.21089 0.30738 4.2
Peg 0.92793 0.21089 0.30738 4.2 0.92508 0.18792 0.33004 3.41
Peg 0.92508 0.18792 0.33004 3.41 0.88223 0.10797 0.4583 3.52
Peg 0.88223 0.10797 0.4583 3.52 0.81721 0.1715 0.55025 2.38
Peg 0.87327 0.4862 -0.03196 2.07 0.85586 0.47075 0.2143 2.44
Peg 0.87327 0.4862 -0.03196 2.07 0.96349 0.26192 -0.0557 2.83
Peg 0.85586 0.47075 0.2143 2.44 0.9371 0.26228 0.23035 2.49
Per 0.47176 0.53418 -0.7015 3.84 0.44325 0.5282 -0.72425 2.84
Per 0.44325 0.5282 -0.72425 2.84 0.40875 0.58484 -0.70064 3.98
Per 0.40875 0.58484 -0.70064 3.98 0.38916 0.64293 -0.65969 2.9
Per 0.38916 0.64293 -0.65969 2.9 0.37833 0.74066 -0.55524 3.01
Per 0.37833 0.74066 -0.55524 3.01 0.40499 0.76449 -0.50155 1.79
Per 0.40499 0.76449 -0.50155 1.79 0.41165 0.80393 -0.42924 2.91
Per 0.41165 0.80393 -0.42924 2.91 0.41225 0.82802 -0.38006 3.77
Per 0.40499 0.76449 -0.50155 1.79 0.51465 0.65548 -0.55271 2.09
Per 0.51465 0.65548 -0.55271 2.09 0.53819 0.62716 -0.56305 3.32
Per 0.53819 0.62716 -0.56305 3.32 0.5771 0.62004 -0.53151 4.22
Phe 0.54487 -0.8216 -0.16758 3.94 0.65728 -0.72799 -0.19496 3.32
Phe 0.65728 -0.72799 -0.19496 3.32 0.71849 -0.69062 -0.0825 3.93
Phe 0.71849 -0.69062 -0.0825 3.93 0.54487 -0.8216 -0.16758 3.94
Phe 0.65728 -0.72799 -0.19496 3.32 0.60386 -0.75554 -0.25399 3.93
Phe 0.60386 -0.75554 -0.25399 3.93 0.60764 -0.72299 -0.32871 4.39
Phe 0.60764 -0.72299 -0.32871 4.39 0.65728 -0.72799 -0.19496 3.32
Phe 0.65728 -0.72799 -0.19496 3.32 0.67415 -0.68604 -0.27362 3.41
Phe 0.67415 -0.68604 -0.27362 3.41 0.71849 -0.69062 -0.0825 3.93
Phe 0.71849 -0.69062 -0.0825 3.93 0.73472 -0.67307 -0.08462 2.4
Phe 0.73472 -0.67307 -0.08462 2.4 0.69725 -0.71626 -0.02864 3.88
Phe 0.69725 -0.71626 -0.02864 3.88 0.71849 -0.69062 -0.0825 3.93
Pic -0.09818 -0.88247 -0.46 3.24 0.02471 -0.83065 -0.55623 4.5
Pic 0.02471 -0.83065 -0.55623 4.5 0.03485 -0.77787 -0.62744 3.85
PsA 0.83734 -0.49427 0.23361 1.17 0.83782 -0.45466 0.30223 4.18
PsA 0.83782 -0.45466 0.30223 4.18 0.76302 -0.47644 0.43682 5.43
PsA 0.76302 -0.47644 0.43682 5.43 0.71911 -0.51351 0.46818 5.02
PsA 0.71911 -0.51351 0.46818 5.02 0.74794 -0.53801 0.38877 4.94
PsA 0.74794 -0.53801 0.38877 4.94 0.78263 -0.53503 0.31818 4.29
PsA 0.78263 -0.53503 0.31818 4.29 0.81031 -0.53788 0.23256 4.2
Psc 0.81813 0.52703 -0.23003 5.5 0.86268 0.41603 -0.28759 4.67
Psc 0.81813 0.52703 -0.23003 5.5 0.83601 0.4581 -0.30207 4.74
Psc 0.83601 0.4581 -0.30207 4.74 0.86268 0.41603 -0.28759 4.67
Psc 0.86268 0.41603 -0.28759 4.67 0.88854 0.26465 -0.37479 3.62
Psc 0.88854 0.26465 -0.37479 3.62 0.8847 0.15916 -0.43816 4.26
Psc 0.8847 0.15916 -0.43816 4.26 0.86053 0.04822 -0.50712 3.82
Psc 0.86053 0.04822 -0.50712 3.82 0.87838 0.05561 -0.47471 4.61
Psc 0.87838 0.05561 -0.47471 4.61 0.89951 0.09564 -0.4263 4.45
Psc 0.89951 0.09564 -0.4263 4.45 0.91827 0.10703 -0.38121 4.84
Psc 0.91827 0.10703 -0.38121 4.84 0.95341 0.13728 -0.26863 4.27
Psc 0.95341 0.13728 -0.26863 4.27 0.96996 0.12707 -0.20745 5.92
Psc 0.96996 0.12707 -0.20745 5.92 0.98581 0.14247 -0.08883 5.38
Psc 0.98581 0.14247 -0.08883 5.38 0.99283 0.11951 0.00299 4.031
Psc 0.99283 0.11951 0.00299 4.031 0.99138 0.09806 0.08697 4.13
Psc 0.99138 0.09806 0.08697 4.13 0.99646 0.03107 0.07822 4.49
Psc 0.99646 0.03107 0.07822 4.49 0.98938 0.02192 0.14376 4.95
Psc 0.98938 0.02192 0.14376 4.95 0.98097 0.05726 0.18555 3.7
Psc 0.98097 0.05726 0.18555 3.7 0.98412 0.11111 0.13845 4.27
Psc 0.98412 0.11111 0.13845 4.27 0.99138 0.09806 0.08697 4.13
Pup -0.48141 -0.41158 -0.77384 2.83 -0.41536 -0.42122 -0.80624 5.32
Pup -0.41536 -0.42122 -0.80624 5.32 -0.26343 -0.60317 -0.75285 2.71
Pup -0.26343 -0.60317 -0.75285 2.71 -0.11957 -0.68449 -0.71914 3.17
Pup -0.11957 -0.68449 -0.71914 3.17 -0.13716 -0.77289 -0.61953 2.94
Pup -0.13716 -0.77289 -0.61953 2.94 -0.27624 -0.68584 -0.67328 3.25
Pup -0.27624 -0.68584 -0.67328 3.25 -0.39333 -0.64283 -0.65731 2.21
Pup -0.39333 -0.64283 -0.65731 2.21 -0.48141 -0.41158 -0.77384 2.83
Pyx -0.52482 -0.57797 -0.62489 3.97 -0.54792 -0.54736 -0.63258 3.68
Pyx -0.54792 -0.54736 -0.63258 3.68 -0.59962 -0.46499 -0.65132 4.02
Ret 0.20545 -0.8868 -0.41397 3.33 0.22283 -0.85986 -0.45932 4.44
Ret 0.22283 -0.85986 -0.45932 4.44 0.24162 -0.87798 -0.41324 4.56
Ret 0.24162 -0.87798 -0.41324 4.56 0.23774 -0.90487 -0.35309 3.84
Ret 0.23774 -0.90487 -0.35309 3.84 0.20545 -0.8868 -0.41397 3.33
Scl 0.78448 -0.61316 0.09296 4.38 0.84324 -0.49025 -0.22045 4.3
Scl 0.84324 -0.49025 -0.22045 4.3 0.82953 -0.53776 0.15067 4.41
Scl 0.82953 -0.53776 0.15067 4.41 0.78448 -0.61316 0.09296 4.38
Sco -0.09163 -0.60326 0.79227 1.62 -0.05929 -0.62972 0.77456 2.39
Sco -0.05929 -0.62972 0.77456 2.39 -0.0414 -0.64448 0.7635 2.99
Sco -0.0414 -0.64448 0.7635 2.99 -0.07226 -0.68197 0.72781 1.86
Sco -0.07226 -0.68197 0.72781 1.86 -0.15099 -0.68503 0.71269 3.32
Sco -0.15099 -0.68503 0.71269 3.32 -0.20987 -0.67381 0.70847 4.7
Sco -0.20987 -0.67381 0.70847 4.7 -0.23066 -0.61631 0.75297 3
Sco -0.23066 -0.61631 0.75297 3 -0.24784 -0.56341 0.78812 2.29
Sco -0.24784 -0.56341 0.78812 2.29 -0.3162 -0.47279 0.82249 2.82
Sco -0.3162 -0.47279 0.82249 2.82 -0.34481 -0.44513 0.82642 1.06
Sco -0.34481 -0.44513 0.82642 1.06 -0.46036 -0.38464 0.80007 2.29
Sco -0.34481 -0.44513 0.82642 1.06 -0.45284 -0.44015 0.77537 2.89
Sco -0.34481 -0.44513 0.82642 1.06 -0.45096 -0.33882 0.82573 2.56
Sct 0.20369 -0.08277 0.97554 4.22 0.20469 -0.0994 0.97377 5.38
Sct 0.20469 -0.0994 0.97377 5.38 0.22778 -0.26897 0.93583 5.08
Sct 0.22778 -0.26897 0.93583 5.08 0.12297 -0.25149 0.96002 4.67
Sct 0.12297 -0.25149 0.96002 4.67 0.15144 -0.14337 0.97802 3.85
Sct 0.15144 -0.14337 0.97802 3.85 0.20369 -0.08277 0.97554 4.22
Ser -0.53772 -0.05983 0.841 3.54 -0.53266 0.07807 0.84272 3.71
Ser -0.53266 0.07807 0.84272 3.71 -0.55472 0.11192 0.82448 2.63
Ser -0.55472 0.11192 0.82448 2.63 -0.58201 0.18291 0.79235 3.8
Ser -0.58201 0.18291 0.79235 3.8 -0.5314 0.26593 0.8043 3.65
Ser -0.5314 0.26593 0.8043 3.65 -0.49428 0.27001 0.82631 3.85
Ser -0.49428 0.27001 0.82631 3.85 -0.51498 0.31137 0.79865 4.09
Ser -0.51498 0.31137 0.79865 4.09 -0.5314 0.26593 0.8043 3.65
Ser 0.2422 0.0733 0.96746 4.62 0.09276 -0.05054 0.99441 3.23
Ser 0.09276 -0.05054 0.99441 3.23 -0.07896 -0.22282 0.97166 4.24
Ser -0.07896 -0.22282 0.97166 4.24 -0.09413 -0.26552 0.9595 3.54
Ser -0.09413 -0.26552 0.9595 3.54 -0.16583 -0.22234 0.96077 4.32
Sex -0.9243 -0.01111 -0.38148 5.08 -0.8828 -0.00648 -0.46969 4.48
Sge 0.40707 0.30031 0.86263 4.39 0.42819 0.31788 0.84595 3.68
Sge 0.42819 0.31788 0.84595 3.68 0.40227 0.30925 0.86172 4.39
Sge 0.42819 0.31788 0.84595 3.68 0.46691 0.33368 0.81894 3.51
Sge 0.46691 0.33368 0.81894 3.51 0.48807 0.34188 0.80307 5.09
Sgr 0.07936 -0.49739 0.86389 2.72 0.10996 -0.42927 0.89646 2.82
Sgr 0.06157 -0.59848 0.79877 3.1 0.08689 -0.56474 0.82069 1.79
Sgr 0.08689 -0.56474 0.82069 1.79 0.02186 -0.50638 0.86203 2.98
Sgr 0.02186 -0.50638 0.86203 2.98 -0.04797 -0.46686 0.88303 4.53
Sgr 0.02186 -0.50638 0.86203 2.98 0.07936 -0.49739 0.86389 2.72
Sgr 0.07936 -0.49739 0.86389 2.72 0.08689 -0.56474 0.82069 1.79
Sgr 0.08689 -0.56474 0.82069 1.79 0.23395 -0.49818 0.83492 2.6
Sgr 0.23395 -0.49818 0.83492 2.6 0.17635 -0.45384 0.87346 3.17
Sgr 0.17635 -0.45384 0.87346 3.17 0.07936 -0.49739 0.86389 2.72
Sgr 0.17635 -0.45384 0.87346 3.17 0.10996 -0.42927 0.89646 2.82
Sgr 0.10996 -0.42927 0.89646 2.82 0.05601 -0.35932 0.93153 3.84
Sgr 0.23395 -0.49818 0.83492 2.6 0.25502 -0.46437 0.84813 3.32
Sgr 0.25502 -0.46437 0.84813 3.32 0.2141 -0.44301 0.87058 2.05
Sgr 0.2141 -0.44301 0.87058 2.05 0.17635 -0.45384 0.87346 3.17
Sgr 0.2141 -0.44301 0.87058 2.05 0.23252 -0.3601 0.90348 3.52
Sgr 0.23252 -0.3601 0.90348 3.52 0.25869 -0.37041 0.89212 3.76
Sgr 0.25869 -0.37041 0.89212 3.76 0.31429 -0.32479 0.89204 4.88
Sgr 0.31429 -0.32479 0.89204 4.88 0.33209 -0.30648 0.89208 3.92
Sgr 0.25502 -0.46437 0.84813 3.32 0.36957 -0.41816 0.8298 5.64
Sgr 0.36957 -0.41816 0.8298 5.64 0.45152 -0.46499 0.76152 4.43
Sgr 0.45152 -0.46499 0.76152 4.43 0.40738 -0.57751 0.70748 4.37
Sgr 0.40738 -0.57751 0.70748 4.37 0.35893 -0.66742 0.65248 4.12
Sgr 0.35893 -0.66742 0.65248 4.12 0.27169 -0.65098 0.70882 3.96
Sgr 0.35893 -0.66742 0.65248 4.12 0.25203 -0.70462 0.66331 4.27
Tau 0.12866 0.47882 -0.86843 1.65 0.30645 0.39004 -0.86831 4.27
Tau 0.30645 0.39004 -0.86831 4.27 0.36671 0.32855 -0.87039 3.53
Tau 0.34391 0.28418 -0.89497 0.87 0.09084 0.3607 -0.92825 2.97
Tau 0.40779 0.26939 -0.87243 3.65 0.39187 0.30142 -0.86924 3.77
Tau 0.40779 0.26939 -0.87243 3.65 0.48566 0.21628 -0.84697 3.41
Tau 0.48566 0.21628 -0.84697 3.41 0.6188 0.15694 -0.76971 3.61
Tau 0.34391 0.28418 -0.89497 0.87 0.36671 0.32855 -0.87039 3.53
Tau 0.34391 0.28418 -0.89497 0.87 0.37329 0.27348 -0.88649 3.4
Tau 0.37329 0.27348 -0.88649 3.4 0.40779 0.26939 -0.87243 3.65
Tau 0.36671 0.32855 -0.87039 3.53 0.38134 0.30783 -0.87168 4.3
Tau 0.38134 0.30783 -0.87168 4.3 0.39187 0.30142 -0.86924 3.77
Tau 0.39187 0.30142 -0.86924 3.77 0.49346 0.40759 -0.76835 3.62
Tel 0.0822 -0.75551 0.64996 4.1 0.08162 -0.71895 0.69025 3.49
TrA -0.10961 -0.93375 0.34072 1.91 -0.23502 -0.93156 0.27741 2.87
TrA -0.23502 -0.93156 0.27741 2.87 -0.23179 -0.89438 0.38255 2.83
TrA -0.23179 -0.89438 0.38255 2.83 -0.10961 -0.93375 0.34072 1.91
Tri 0.69258 0.54989 -0.46687 5.25 0.69186 0.5734 -0.43881 3
Tri 0.69186 0.5734 -0.43881 3 0.76594 0.49363 -0.4119 3.42
Tri 0.76594 0.49363 -0.4119 3.42 0.69258 0.54989 -0.46687 5.25
Tuc 0.44822 -0.86828 0.21259 2.87 0.51737 -0.85022 0.09722 3.99
Tuc 0.51737 -0.85022 0.09722 3.99 0.42294 -0.9054 -0.03706 4.23
Tuc 0.51737 -0.85022 0.09722 3.99 0.45035 -0.89067 -0.06237 4.36
UMa -0.58145 0.75829 0.29481 1.85 -0.53654 0.81841 0.20576 2.23
UMa -0.53654 0.81841 0.20576 2.23 -0.54429 0.82865 0.13075 1.76
UMa -0.54429 0.82865 0.13075 1.76 -0.54293 0.83899 0.0366 3.32
UMa -0.54293 0.83899 0.0366 3.32 -0.4591 0.8809 -0.11504 1.81
UMa -0.4591 0.8809 -0.11504 1.81 -0.53591 0.83276 -0.13899 2.34
UMa -0.53591 0.83276 -0.13899 2.34 -0.59187 0.80588 -0.01594 2.41
UMa -0.59187 0.80588 -0.01594 2.41 -0.54293 0.83899 0.0366 3.32
UMa -0.59187 0.80588 -0.01594 2.41 -0.67074 0.74057 -0.04087 3.69
UMa -0.67074 0.74057 -0.04087 3.69 -0.69613 0.7009 -0.15539 3
UMa -0.69613 0.7009 -0.15539 3 -0.65978 0.68091 -0.31789 3.45
UMa -0.69613 0.7009 -0.15539 3 -0.68197 0.66262 -0.3096 3.06
UMa -0.53591 0.83276 -0.13899 2.34 -0.49784 0.80968 -0.31076 4.55
UMa -0.49784 0.80968 -0.31076 4.55 -0.49662 0.78455 -0.37128 3.17
UMa -0.49662 0.78455 -0.37128 3.17 -0.48837 0.73322 -0.47316 3.57
UMa -0.49662 0.78455 -0.37128 3.17 -0.47113 0.74364 -0.47437 3.12
UMa -0.49784 0.80968 -0.31076 4.55 -0.43508 0.85752 -0.27452 3.78
UMa -0.43508 0.85752 -0.27452 3.78 -0.29819 0.87223 -0.38768 3.35
UMa -0.29819 0.87223 -0.38768 3.35 -0.36124 0.8915 -0.27338 3.65
UMa -0.36124 0.8915 -0.27338 3.65 -0.4591 0.8809 -0.11504 1.81
UMi 0.01013 0.99992 -0.00789 1.97 -0.0072 0.99823 0.05911 4.35
UMi -0.0072 0.99823 0.05911 4.35 -0.04397 0.99036 0.13137 4.21
UMi -0.04397 0.99036 0.13137 4.21 -0.11817 0.9774 0.17531 4.29
UMi -0.11817 0.9774 0.17531 4.29 -0.10641 0.96926 0.22188 4.95
UMi -0.10641 0.96926 0.22188 4.95 -0.19964 0.95016 0.23947 3
UMi -0.19964 0.95016 0.23947 3 -0.20072 0.96201 0.18508 2.07
UMi -0.20072 0.96201 0.18508 2.07 -0.11817 0.9774 0.17531 4.29
Vel -0.36295 -0.73534 -0.57229 1.75 -0.38812 -0.79781 -0.46135 3.6
Vel -0.38812 -0.79781 -0.46135 3.6 -0.38036 -0.81622 -0.43485 1.93
Vel -0.38036 -0.81622 -0.43485 1.93 -0.44264 -0.81925 -0.36452 2.47
Vel -0.44264 -0.81925 -0.36452 2.47 -0.49805 -0.8148 -0.29671 3.52
Vel -0.49805 -0.8148 -0.29671 3.52 -0.61758 -0.75949 -0.20433 2.69
Vel -0.61758 -0.75949 -0.20433 2.69 -0.62329 -0.74577 -0.2352 3.84
Vel -0.62329 -0.74577 -0.2352 3.84 -0.66485 -0.67071 -0.32881 3.85
Vel -0.66485 -0.67071 -0.32881 3.85 -0.60498 -0.649 -0.46128 3.6
Vel -0.60498 -0.649 -0.46128 3.6 -0.53108 -0.6875 -0.49526 2.23
Vel -0.53108 -0.6875 -0.49526 2.23 -0.36295 -0.73534 -0.57229 1.75
Vir -0.99162 0.11373 -0.06126 4.04 -0.99658 -0.01373 0.08138 5.9
Vir -0.99658 -0.01373 0.08138 5.9 -0.9832 -0.02529 0.18075 2.74
Vir -0.9832 -0.02529 0.18075 2.74 -0.91407 -0.19357 0.35636 0.98
Vir -0.91407 -0.19357 0.35636 0.98 -0.82312 -0.17835 0.53913 4.18
Vir -0.82312 -0.17835 0.53913 4.18 -0.82446 -0.10452 0.55619 4.071
Vir -0.82446 -0.10452 0.55619 4.071 -0.7537 -0.09858 0.64978 3.87
Vir -0.91407 -0.19357 0.35636 0.98 -0.91579 -0.0104 0.40151 3.38
Vir -0.91579 -0.0104 0.40151 3.38 -0.86209 0.02696 0.50603 4.23
Vir -0.86209 0.02696 0.50603 4.23 -0.74782 0.03304 0.66308 3.73
Vir -0.91579 -0.0104 0.40151 3.38 -0.969 0.05927 0.23984 3.39
Vir -0.969 0.05927 0.23984 3.39 -0.94585 0.19011 0.26311 2.85
Vir -0.969 0.05927 0.23984 3.39 -0.9832 -0.02529 0.18075 2.74
Vol -0.12848 -0.95427 -0.26991 3.93 -0.09863 -0.94263 -0.31891 3.78
Vol -0.09863 -0.94263 -0.31891 3.78 -0.19311 -0.93116 -0.30925 4.35
Vol -0.19311 -0.93116 -0.30925 4.35 -0.12848 -0.95427 -0.26991 3.93
Vol -0.19311 -0.93116 -0.30925 4.35 -0.12347 -0.9269 -0.3544 3.97
Vol -0.19311 -0.93116 -0.30925 4.35 -0.24026 -0.91451 -0.32548 3.77
Vol -0.24026 -0.91451 -0.32548 3.77 -0.28614 -0.91633 -0.28009 4
Vol -0.28614 -0.91633 -0.28009 4 -0.19311 -0.93116 -0.30925 4.35
Vul 0.34303 0.41732 0.84154 4.44 0.44616 0.46567 0.76427 4.66
